FAC 1.1.5[0.1.1]
Endian	= 0
TSess	= 1733819274
Type	= 1
Verbose	= 1
H Z	=   1.0
NBlocks	= 1
E0	= 0,  0.00000000E+00

NELE	= 0
NLEV	= 1
  ILEV  IBASE    ENERGY       P   VNL   2J
     0     -1  0.00000000E+00 0   100    0 1*0                              1s0                                              1s+0
